      0/49        0G   0.05346   0.01092   0.01489   0.07927         2       640 5.444e-05  0.008929 2.815e-06 8.445e-07    0.1198   0.01285   0.02599
      1/49        0G   0.03998  0.006701   0.01123   0.05791        11       640   0.09305     0.075   0.05925   0.02354     0.126  0.009071   0.03845
      2/49        0G   0.02523  0.004894  0.007437   0.03756         6       640    0.1445    0.1805   0.09065   0.03514    0.1214  0.009775   0.02939
      3/49        0G   0.02304  0.004615  0.007028   0.03469         8       640    0.2089    0.1299   0.08852   0.02881    0.1227  0.009397   0.03027
      4/49        0G   0.02158   0.00462  0.006243   0.03244         8       640    0.1174    0.1871   0.07491   0.02753    0.1239  0.008987    0.0264
      5/49        0G   0.02107  0.003772  0.005989   0.03083         8       640     0.385    0.2442      0.17   0.07089     0.123     0.008   0.02619
      6/49        0G   0.02018  0.004381  0.005727   0.03029         5       640    0.2529    0.2106    0.1769   0.06953    0.1264   0.00949   0.02491
      7/49        0G   0.02206  0.004347  0.006199    0.0326         7       640    0.2521   0.01458 0.0002017 8.305e-05     0.138  0.008431   0.05315
      8/49        0G    0.0247  0.004495  0.007959   0.03715         8       640 0.0005935   0.05675  0.000102  3.14e-05    0.1346  0.007492   0.06019
      9/49        0G   0.02525  0.005015  0.008182   0.03845        12       640   0.04063   0.04375  0.003601  0.001478    0.1316  0.009521   0.06157
     10/49        0G    0.0205  0.005036  0.007401   0.03294         9       640    0.5473   0.06458   0.01709   0.00999     0.129   0.01048   0.03006
     11/49        0G   0.01762  0.005177   0.00678   0.02958        10       640    0.6789   0.06667   0.04526    0.0265    0.1296   0.01116   0.08554
     12/49        0G   0.01588  0.004956  0.006243   0.02708         7       640    0.4508     0.208    0.1537   0.09919    0.1265  0.009041   0.02476
     13/49        0G   0.01509  0.004732  0.005744   0.02557         5       640    0.7828    0.1166     0.117   0.06796    0.1253   0.01004   0.04647
     14/49        0G    0.0149  0.004895  0.005503   0.02529        12       640    0.7219    0.1021    0.1103   0.06356     0.128   0.01003   0.02609
     15/49        0G   0.01336  0.004592  0.004806   0.02276         2       640    0.8471    0.2125    0.2566    0.1634    0.1235  0.008033   0.02415
     16/49        0G    0.0129  0.004501   0.00438   0.02178        11       640     0.947    0.2188    0.3006     0.187    0.1229   0.00755   0.02377
     17/49        0G   0.01214  0.004328  0.003978   0.02045         6       640     0.603    0.3027    0.3542    0.2345    0.1208  0.007457   0.02365
     18/49        0G    0.0117  0.004191  0.003821   0.01972         8       640     0.928    0.2936    0.3942    0.2584    0.1208   0.00677   0.02347
     19/49        0G   0.01119  0.004052  0.003707   0.01895         8       640    0.5639    0.4326    0.4293    0.2916    0.1186  0.006964   0.02301
     20/49        0G   0.01048  0.004086  0.003405   0.01797         8       640    0.5884    0.4195    0.4574    0.2722    0.1191  0.006753   0.02363
     21/49        0G   0.01073  0.004098  0.003073    0.0179         5       640    0.6009    0.4535    0.5009    0.3315    0.1195  0.006301   0.02285
     22/49        0G    0.0105  0.003829  0.003171    0.0175         7       640    0.4687    0.5775    0.5516    0.3572    0.1172   0.00617   0.03249
     23/49        0G   0.01016  0.003586  0.002858    0.0166         8       640    0.4832    0.6327    0.6009    0.3987    0.1184  0.005844   0.02234
     24/49        0G  0.009641  0.004024  0.002788   0.01645        12       640    0.7313    0.5166    0.6216    0.4124    0.1179  0.005604   0.02353
     25/49        0G  0.009338  0.003712  0.002478   0.01553         9       640     0.565    0.7104     0.651    0.4655    0.1168  0.005486   0.02367
     26/49        0G   0.00904  0.003635  0.002307   0.01498        10       640     0.739    0.6746    0.7039    0.4994     0.115  0.005347   0.02444
     27/49        0G  0.009169  0.003632  0.002082   0.01488         7       640    0.7509    0.7176    0.7397    0.5273    0.1165  0.005241   0.02102
     28/49        0G  0.008723   0.00347  0.001852   0.01404         5       640    0.8071    0.6787    0.7395    0.5264    0.1165  0.005249   0.02104
     29/49        0G  0.008935  0.003398  0.001721   0.01405        12       640    0.8397    0.6776    0.7467     0.505    0.1164  0.005232   0.02171
     30/49        0G  0.008076  0.003342  0.001488   0.01291         6       640    0.8359    0.6968    0.7707    0.5542    0.1152  0.004999   0.02257
     31/49        0G  0.008877  0.003347  0.001642   0.01387        10       640     0.784    0.6391    0.6935    0.4678     0.117  0.005325   0.02078
     32/49        0G   0.00883  0.003671  0.001913   0.01441         9       640    0.8399    0.6507    0.7101    0.4981    0.1161  0.005333   0.02117
     33/49        0G  0.008565  0.003448  0.001645   0.01366         6       640    0.8633      0.72    0.7984    0.5548     0.115  0.004738   0.02091
     34/49        0G  0.008282  0.003529  0.001377   0.01319         6       640    0.8792    0.7003    0.7996    0.5736    0.1155  0.004591   0.02101
     35/49        0G  0.008156  0.003212  0.001407   0.01278         8       640    0.8531    0.7246    0.7909    0.5679    0.1151  0.004731   0.02098
     36/49        0G  0.008034  0.003169  0.001137   0.01234         8       640    0.8916    0.7117    0.8008    0.5823     0.115    0.0048   0.02091
     37/49        0G  0.007401  0.003237   0.00115   0.01179         6       640    0.8926    0.7515    0.8135    0.6113    0.1147  0.004635   0.02068
     38/49        0G   0.00796  0.003314  0.001205   0.01248         6       640    0.8623    0.7599    0.8125    0.6036    0.1139  0.004667   0.02153
     39/49        0G  0.007435  0.003109  0.001019   0.01156         6       640    0.9196    0.7096    0.8195    0.5921    0.1139  0.004735   0.02194
     40/49        0G  0.007525  0.003153 0.0009498   0.01163         2       640    0.8762     0.771    0.8289    0.6038    0.1143   0.00471    0.0211
     41/49        0G  0.007337  0.003087 0.0009192   0.01134        11       640    0.8681    0.7802    0.8414    0.6142    0.1134  0.004582   0.02193
     42/49        0G  0.007581  0.003147 0.0009381   0.01167         9       640    0.8318    0.8155    0.8429    0.6168    0.1127  0.004546   0.02335
     43/49        0G  0.007223  0.003175  0.000894   0.01129         8       640    0.9276    0.7421    0.8418    0.6334    0.1128  0.004448   0.02217
     44/49        0G  0.007473   0.00292 0.0009354   0.01133         2       640    0.8633    0.7601    0.8324    0.6249    0.1135  0.004448   0.02165
     45/49        0G  0.006951  0.002946 0.0008258   0.01072        11       640    0.9372    0.7599    0.8437    0.6484    0.1134   0.00442   0.02135
     46/49        0G  0.006898  0.002837 0.0007052   0.01044         6       640    0.8426    0.7822    0.8398    0.6331     0.114  0.004417   0.02087
     47/49        0G  0.007224  0.002915 0.0009366   0.01108         8       640    0.8035    0.8014    0.8464    0.6265    0.1137   0.00446   0.02089
     48/49        0G  0.007136  0.002949  0.000802   0.01089         8       640    0.9104    0.7254    0.8364    0.6232    0.1138  0.004458   0.02121
     49/49        0G  0.006812  0.002933 0.0008626   0.01061         8       640    0.9399    0.7224    0.8454    0.6305    0.1132  0.004343   0.02149
